1 1111111111111111111111111111111111111111111111111111111111111
2 1000000000000000000000000000000000000000000000000000000000001
3 1000111111111111111111111111111111111111111111111111111110001
4 1000100000100000000000000000000000000000000000000010000010001
5 1000100000100000000000000000000000000000000000000010000010001
6 1000101111100011111111111100111111111111111000000010000010001
7 1111100100000010000000000100000000010000000000000010000010001
8 1000100100000010000000000100000000010000000111111110000000001
9 1000100100000010000000011111111111111111000000000010000000001
10 1000000100000000000000010000000000000001000000000010000000001
11 1000100100000000000000010000020000000001111111000010000010001
12 1000100100001111111111110000000000000001000000000010000010001
13 1000100100000000100000010000000000000001000000010000000010001
14 1000100100000000100000010011111111100001000000010000000010001
15 1000100000000000100000011110000000000001000111111110000010001
16 1000100000000000000000000000000000000111000100010011100010001
17 1000100111111111000000000000000011111101000100010000100010001
18 1000100100000001000000000000000010000001111100000000111110001
19 1000100100010001111111111111111110000000000000000000100000001
20 1000100100010000000000000000000000000000000011000000100000001
21 1000100100010000000000000000000000000000011111110000100010001
22 1000000100011111111111111111111111100000110000010000000010001
23 1000000100000000000000000000000000100001100000010000100010001
24 1000100100000000000000000000000000100000000000010000100010001
25 1000100111111111111111111111100011111111111111111111100010001
26 1000100000010000000000000000000000000100000000000000000010001
27 1000100002010000000000000000000000000100000000000000000010001
28 1111100001111111111111111001111111111111110001111111111110001
29 1000000000000000000000000000010000000000000000000000000000001
30 1000000000000000000000000000010020000000000000000000000000001
31 1111111111111111111111111111111111111111111111111111111111111

